[wpn_rpk74_hud]:hud_base,weapon_hud_base
item_visual                             = anomaly_weapons\wpn_rpk\wpn_rpk74_hud  

item_position                           = -0, 0.004, -0
item_orientation                        = -15.488927, -3.320898, 367.220154

hands_position                          = -0.13,-0.21,0.15
hands_orientation                       = -0.655997,0.986001,-4.2

hands_position_16x9 					= -0.13,-0.21,0.15
hands_orientation_16x9 					= -0.655997,0.986001,-4.2

aim_hud_offset_pos                      = -0.0873699,0.07098,-0.270248
aim_hud_offset_rot                      = 0.00949999,0.0018,-0.006

aim_hud_offset_pos_16x9 				= -0.0873699,0.07098,-0.20905
aim_hud_offset_rot_16x9 				= 0.00949999,0.0018,-0.006

aim_alt_hud_offset_pos                	= -0.0873699,0.07098,-0.270248
aim_alt_hud_offset_rot                	= 0.00949999,0.0018,-0.006
aim_alt_hud_offset_pos_16x9           	= -0.14137,-0.01902,-0.177248
aim_alt_hud_offset_rot_16x9           	= -0.0105,0.0093,0.621001

anm_hide                    			= rpk_holster
anm_idle                    			= rpk_idle
anm_idle_aim                			= rpk_aim
anm_idle_moving             			= rpk_move
anm_idle_sprint             			= rpk_sprint
anm_reload                  			= rpk_reload, reload
anm_reload_stop_k 						= 0.5
anm_shots                   			= rpk_shoot, shoot
anm_show                    			= rpk_draw

anm_reload_empty                        = rpk_reload, reload

anm_shutter 							= rpk_reload, reload
anm_shutter_start_k 					= 0.45
anm_shutter_stop_k 						= 0.5

anm_reload_single 						= rpk_reload, reload
anm_reload_single_start_k 				= 0.45
anm_reload_single_stop_k 				= 0.5

shell_bone                              = gilza
shell_dir                               = 0, 1, 0
shell_point                             = 0, 0, 0

fire_bone                               = muzzle
fire_bone2                              = wpn_body
fire_point                              = 0, 0, 0
fire_point2                             = 0, 0, 0

[wpn_rpk74_kobra_hud]:wpn_rpk74_hud
aim_scope_hud_offset_pos_16x9 			= -0.0836804,0.0416731,-0.164349
aim_scope_hud_offset_rot_16x9 			= -0.00235,-0.00255,-0.006

wpn_addon_scope_kobra_attach_pos 		= 0.000180,-0.001601,0.000879

[wpn_rpk74_pso1_hud]:wpn_rpk74_hud
aim_scope_hud_offset_pos_16x9 			= -0.0733917,0.0683104,-0.269396
aim_scope_hud_offset_rot_16x9 			= 0.00949999,-0.0018,-0.006

wpn_addon_scope_pso1_attach_pos 		= -0.00008,-0.005021,-0.0131607

[wpn_rpk74_pso1_m1_hud]:wpn_rpk74_hud
aim_scope_hud_offset_pos_16x9 			= -0.0741699,0.0612298,-0.236289
aim_scope_hud_offset_rot_16x9 			= 0.01025,-0.0021,-0.006

wpn_addon_scope_pso1_m1_attach_pos 		= -0.00444,0.09178,0.0572991

[wpn_rpk74_1p29_hud]:wpn_rpk74_hud
aim_scope_hud_offset_pos_16x9 			= -0.0870399,0.0563919,-0.267604
aim_scope_hud_offset_rot_16x9 			= 0.01085,-0.00195,-0.006

wpn_addon_scope_1p29_attach_pos 		= 0.00169999,-0.00901996,-0.0252

[wpn_rpk74_1p59_hud]:wpn_rpk74_hud
aim_scope_hud_offset_pos_16x9 			= -0.0725499,0.0443095,-0.268037
aim_scope_hud_offset_rot_16x9 			= 0.01025,-0.00165,-0.006

wpn_addon_scope_1p59_attach_pos 		= -0.00392,0.1027,0.0554001

[wpn_rpk74_1pn93_hud]:wpn_rpk74_hud
aim_scope_hud_offset_pos_16x9 			= -0.0722498,0.0548399,-0.284747
aim_scope_hud_offset_rot_16x9 			= 0.00979999,-0.0018,-0.006

wpn_addon_scope_1pn93_attach_pos 		= -0.0036,0.084601,0.109401