[action_0001]
action_type                      = 21
version                          = 1
action_name                      = source
flags                            = 1
flt_0000                         = 0.000000
flt_0001                         = 1.000000
flt_0002                         = 0.000000
flt_0003                         = 100.000000
flt_0004                         = 0.000000
bool_0000                        = true
bool_0001                        = true
 
[_effect]
version                          = 1
max_particles                    = 1
flags                            = 2158593
action_count                     = 4
 
[domain_action_0001_0001]
type                             = 0
v0                               = 0, 0, 0
v1                               = 0, 0, 0
v2                               = 0, 0, 0
 
[align_to_path]
default_rotation                 = -1.5708, 0, 0
 
[sprite]
shader                           = particles\blend
texture                          = pfx\pfx_step_blood
 
[domain_action_0001_0000]
type                             = 0
v0                               = 0.290196, 0.2, 0.2
v1                               = 0, 0, 0
v2                               = 0, 0, 0
 
[timelimit]
value                            = 0.500000
 
[action_0000]
action_type                      = 10
version                          = 1
action_name                      = killold
flags                            = 1
flt_0000                         = 5.000000
bool_0000                        = false
 
[domain_action_0001_0002]
type                             = 0
v0                               = 0, 0, 0
v1                               = 0.175, 0.174533, 0.174533
v2                               = 1, 0, 0
 
[domain_action_0001_0003]
type                             = 0
v0                               = 0.3, 0.5, 0
v1                               = 0.5, 0.9, 0
v2                               = 0, 0, 0
 
[domain_action_0001_0004]
type                             = 0
v0                               = 0, 0.001, 0
v1                               = 0, 1, 0
v2                               = 1, 1.2, 0
 
[action_0002]
action_type                      = 23
version                          = 1
action_name                      = targetcolor
flags                            = 0
flt_0000                         = 0.180000
flt_0001                         = 0.250000
flt_0002                         = 0.000000
flt_0003                         = 1.000000
vec_0000                         = 0.090196, 0.082353, 0.07451
 
[action_0003]
action_type                      = 12
version                          = 1
action_name                      = move
flags                            = 1
 
