[action_0001]
action_type                      = 8
version                          = 1
action_name                      = gravity
flags                            = 1
vec_0000                         = 0, -3, 0
bool_0000                        = true
 
[_effect]
version                          = 1
max_particles                    = 200
flags                            = 73729
action_count                     = 6
 
[action_0004]
action_type                      = 24
version                          = 1
action_name                      = targetsize
flags                            = 1
vec_0000                         = 0.105, 0.105, 0
vec_0001                         = 2, 2, 0.001
 
[sprite]
shader                           = particles\xdistort
texture                          = pfx\pfx_bubble, pfx\pfx_distortion
 
[collision]
one_minus_friction               = 1.000000
collide_resilence                = 0.130000
collide_sqr_cutoff               = 0.000000
 
[action_0000]
action_type                      = 10
version                          = 1
action_name                      = killold
flags                            = 1
flt_0000                         = 6.000000
bool_0000                        = false
 
[action_0002]
action_type                      = 12
version                          = 1
action_name                      = move
flags                            = 1
 
[action_0003]
action_type                      = 6
version                          = 1
action_name                      = follow
flags                            = 3
flt_0000                         = 0.001000
flt_0001                         = 0.124000
flt_0002                         = 2.000000
 
[action_0005]
action_type                      = 21
version                          = 1
action_name                      = source
flags                            = 1
flt_0000                         = 0.000000
flt_0001                         = 1.000000
flt_0002                         = 0.000000
flt_0003                         = 30.000000
flt_0004                         = 0.000000
bool_0000                        = true
bool_0001                        = false
 
[domain_action_0005_0000]
type                             = 1
v0                               = 1, 1, 1
v1                               = 0.635294, 0.635294, 0.635294
v2                               = 0, 0, 0
 
[domain_action_0005_0001]
type                             = 7
v0                               = 0, 0.401, 0
v1                               = 0, 1, 0
v2                               = 0, 2, 0
 
[domain_action_0005_0002]
type                             = 0
v0                               = 0, 0, 0
v1                               = 0, 0, 0
v2                               = 0, 0, 0
 
[domain_action_0005_0003]
type                             = 0
v0                               = 1, 1, 0
v1                               = 0.05, 0.05, 0
v2                               = 0, 0, 0
 
[domain_action_0005_0004]
type                             = 6
v0                               = 0, 6, 0
v1                               = 0, 7, 0
v2                               = 0.21, 0.19, 0
 
