[detector_base_hud]:hud_base
attach_place_idx				= 1
;--from beretta
hands_position					= -0.021000,-0.160000,0.002500
hands_orientation				= -0.500000,1.000000,1.149999
hands_position_16x9				= 0.033000,-0.189500,0.039000
hands_orientation_16x9			= 2.349998,2.749999,2.849998

aim_hud_offset_pos				= 0,0,0
aim_hud_offset_rot				= 0,0,0

anm_show_fast_16x9_speed_k		= 2
anm_hide_fast_16x9_speed_k		= 2

anm_zoom_in_16x9_speed_k 		= 2
anm_zoom_out_16x9_speed_k 		= 2
anm_zoom_hide_fast_16x9_speed_k	= 2