[detector_geiger_hud]:detector_simple_hud
item_position           		= -0.075000,0.036188,-0.015934
item_orientation        		= 325.589233,-190.420761,-185.323669
item_visual             		= dynamics\devices\dev_dosimeter\dosimeter_hud

aim_hud_offset_pos_16x9 		= -0.123201,0.081701,-0.0384028
aim_hud_offset_rot_16x9 		= 0,0,-0.005