[_effect]
version                          = 1
max_particles                    = 12
flags                            = 294913
action_count                     = 6
 
[align_to_path]
default_rotation                 = -1.57, 0, 0
 
[sprite]
shader                           = particles\add
texture                          = pfx\pfx_flame_01.tga
 
[velocity_scale]
value                            = 0, 0.03, 0
 
[domain_action_0000_0002]
type                             = 1
v0                               = -30, -30, -30
v1                               = 30, 30, 30
v2                               = 1, 0, 0
 
[action_0000]
action_type                      = 21
version                          = 1
action_name                      = source
flags                            = 1
flt_0000                         = 0.000000
flt_0001                         = 1.000000
flt_0002                         = 0.000000
flt_0003                         = 300.000000
flt_0004                         = 0.000000
bool_0000                        = true
bool_0001                        = true
 
[domain_action_0000_0000]
type                             = 0
v0                               = 0.3, 0.3, 0.3
v1                               = 0, 0, 0
v2                               = 0, 0, 0
 
[domain_action_0000_0001]
type                             = 5
v0                               = 0, 0, 0
v1                               = 0, 0, 0
v2                               = 0, 0, 0
 
[domain_action_0000_0003]
type                             = 1
v0                               = 0.02, 0.02, 0
v1                               = 0.2, 0.2, 0
v2                               = 0, 0, 0
 
[domain_action_0000_0004]
type                             = 7
v0                               = 0, 0, 0
v1                               = 0, 0, 3
v2                               = 1, 2, 0
 
[action_0001]
action_type                      = 10
version                          = 1
action_name                      = killold
flags                            = 1
flt_0000                         = 0.120000
bool_0000                        = false
 
[action_0002]
action_type                      = 23
version                          = 1
action_name                      = targetcolor
flags                            = 1
flt_0000                         = 0.000000
flt_0001                         = 12.000000
flt_0002                         = 0.000000
flt_0003                         = 1.000000
vec_0000                         = 0, 0, 0
 
[action_0003]
action_type                      = 27
version                          = 1
action_name                      = targetvelocity
flags                            = 1
flt_0000                         = 12.000000
vec_0000                         = 0, 0, 0
bool_0000                        = true
 
[action_0004]
action_type                      = 25
version                          = 1
action_name                      = targetrotate
flags                            = 1
flt_0000                         = 0.100000
vec_0000                         = 16.9082, 0, 0
 
[action_0005]
action_type                      = 12
version                          = 1
action_name                      = move
flags                            = 1
 
