[swipe_mask_hud]:hud_base
hands_position				= 0.021,-0.16,-0.1025
hands_orientation			= -0.5,1,1.15
hands_position_16x9			= 0.053,-0.1805,-0.1
hands_orientation_16x9		= 2.35,2.75,2.85

anm_swipe 		= gasmask_swipe

[switch_torch_hud]:hud_base
hands_position				= -0.021000,-0.160000,0.002500
hands_orientation			= -0.500000,1.000000,1.149999
hands_position_16x9			= 0.033000,-0.189500,0.039000
hands_orientation_16x9		= 2.349998,2.749999,2.849998

anm_switch 		= torch

[pickup_hud]
hands_position                           = 0, 0.00, -0.1
hands_position_16x9                      = 0, 0.00, -0.1
anm_take 								= take_anim_enhanced