[action_0001]
action_type                      = 21
version                          = 1
action_name                      = source
flags                            = 3
flt_0000                         = 0.000000
flt_0001                         = 0.000000
flt_0002                         = 0.000000
flt_0003                         = 2.000000
flt_0004                         = 0.000000
bool_0000                        = true
bool_0001                        = false
 
[_effect]
version                          = 1
max_particles                    = 10
flags                            = 2113537
action_count                     = 8
 
[domain_action_0001_0001]
type                             = 9
v0                               = 0, 0, 0.1
v1                               = 0, 1, 0
v2                               = 0, 0.2, 0
 
[sprite]
shader                           = particles\blend
texture                          = pfx\pfx_smoke_a
 
[domain_action_0001_0000]
type                             = 0
v0                               = 1, 1, 1
v1                               = 1, 1, 1
v2                               = 1, 1, 1
 
[timelimit]
value                            = 30.000000
 
[action_0000]
action_type                      = 10
version                          = 1
action_name                      = killold
flags                            = 1
flt_0000                         = 31.000000
bool_0000                        = false
 
[domain_action_0001_0002]
type                             = 1
v0                               = 0, 0, 0
v1                               = 6.28319, 6.28319, 6.28319
v2                               = 0, 0, 0
 
[domain_action_0001_0003]
type                             = 0
v0                               = 1, 1, 1
v1                               = 1, 1, 0
v2                               = 0, 0, 0
 
[domain_action_0001_0004]
type                             = 0
v0                               = 0, 0, 0
v1                               = 0, 0, 0
v2                               = 0, 0, 0
 
[action_0002]
action_type                      = 23
version                          = 1
action_name                      = targetcolor
flags                            = 1
flt_0000                         = 0.000000
flt_0001                         = 0.150000
flt_0002                         = 0.900000
flt_0003                         = 1.000000
vec_0000                         = 1, 1, 1
 
[action_0003]
action_type                      = 8
version                          = 1
action_name                      = gravity
flags                            = 1
vec_0000                         = 0, 0.003, 0
bool_0000                        = true
 
[action_0004]
action_type                      = 15
version                          = 1
action_name                      = randomaccel
flags                            = 1
bool_0000                        = true
 
[action_0006]
action_type                      = 23
version                          = 1
action_name                      = targetcolor_00
flags                            = 1
flt_0000                         = 0.200000
flt_0001                         = 1.000000
flt_0002                         = 0.000000
flt_0003                         = 0.050000
vec_0000                         = 1, 1, 1
 
[domain_action_0004_0000]
type                             = 9
v0                               = 0, 0, 0
v1                               = 0, 0, 0
v2                               = 0, 0.1, 0
 
[action_0005]
action_type                      = 24
version                          = 1
action_name                      = targetsize
flags                            = 1
vec_0000                         = 0.1, 0.1, 0.1
vec_0001                         = 4, 4, 0.001
 
[action_0007]
action_type                      = 12
version                          = 1
action_name                      = move
flags                            = 1
 
