[action_0001]
action_type                      = 23
version                          = 1
action_name                      = targetcolor
flags                            = 1
flt_0000                         = 0.000000
flt_0001                         = 0.500000
flt_0002                         = 0.000000
flt_0003                         = 1.000000
vec_0000                         = 0, 0, 0
 
[_effect]
version                          = 1
max_particles                    = 1
flags                            = 22529
action_count                     = 7
 
[domain_action_0004_0002]
type                             = 1
v0                               = 180, -30, -30
v1                               = -180, 30, 30
v2                               = 1, 0, 0
 
[action_0004]
action_type                      = 21
version                          = 1
action_name                      = source
flags                            = 1
flt_0000                         = 0.000000
flt_0001                         = 1.000000
flt_0002                         = 0.000000
flt_0003                         = 200.000000
flt_0004                         = 0.000000
bool_0000                        = true
bool_0001                        = false
 
[sprite]
shader                           = particles\alpha_add
texture                          = glow\glow_fire1
 
[timelimit]
value                            = 0.230000
 
[action_0000]
action_type                      = 10
version                          = 1
action_name                      = killold
flags                            = 1
flt_0000                         = 2.500000
bool_0000                        = false
 
[domain_action_0004_0004]
type                             = 1
v0                               = 0, 0, 0
v1                               = 0, 0, 0
v2                               = 10, 22, 0
 
[action_0002]
action_type                      = 27
version                          = 1
action_name                      = targetvelocity
flags                            = 0
flt_0000                         = 4.000000
vec_0000                         = 0, 10, 0
bool_0000                        = false
 
[action_0003]
action_type                      = 30
version                          = 1
action_name                      = turbulence
flags                            = 0
flt_0000                         = 1.000000
flt_0001                         = 0.500000
flt_0002                         = 50.000000
vec_0000                         = 0.05, 2, 0.05
int_0000                         = 1
 
[action_0006]
action_type                      = 12
version                          = 1
action_name                      = move
flags                            = 1
 
[domain_action_0004_0000]
type                             = 0
v0                               = 1, 0.835294, 0.109804
v1                               = 0.219608, 0.290196, 0.172549
v2                               = 0, 0, 0
 
[domain_action_0004_0001]
type                             = 0
v0                               = 0, 0.2, 0
v1                               = 0, 1, 0
v2                               = 0, 3, 0
 
[action_0005]
action_type                      = 19
version                          = 1
action_name                      = sink
flags                            = 1
bool_0000                        = true
bool_0001                        = false
 
[domain_action_0004_0003]
type                             = 1
v0                               = 1.6, 1.6, 1.6
v1                               = 1, 1, 1
v2                               = 0, 0, 0
 
[domain_action_0005_0000]
type                             = 3
v0                               = 0, -0.1, 0
v1                               = 0, 1, 0
v2                               = 0, 0, 0
 
